9	 13	 11	 18	 27	 45	 58	 69
14	 14	 16	 22	 30	 66	 68	 63
16	 15	 18	 27	 45	 65	 78	 64
16	 19	 25	 33	 58	 99	 91	 70
20	 25	 42	 64	 77	 124	 117	 88
27	 40	 63	 73	 92	 118	 128	 105
56	 73	 89	 99	 117	 138	 136	 115
82	 105	 108	 111	 127	 114	 117	 113
9	 20	 27	 53	 113	 113	 113	 113
20	 24	 30	 75	 113	 113	 113	 113
27	 30	 64	 113	 113	 113	 113	 113
53	 75	 113	 113	 113	 113	 113	 113
113	 113	 113	 113	 113	 113	 113	 113
113	 113	 113	 113	 113	 113	 113	 113
113	 113	 113	 113	 113	 113	 113	 113
113	 113	 113	 113	 113	 113	 113	 113
